1.5 0.8040627
2.5 0.6908732
3.5 0.6317787
4.5 0.5927747
5.5 0.5591230
8.5 0.494945989
13.5 0.436782474
18.5 0.400345738
23.5 0.375299020
28.5 0.353384861
33.5 0.332806548
38.5 0.314790280
43.5 0.297377219
48.5 0.280221520
53.5 0.264398854
58.5 0.250071433
63.5 0.235752453
68.5 0.222678651
73.5 0.209720745
78.5 0.197508669
83.5 0.185507987
88.5 0.173973326
93.5 0.162974340
98.5 0.152264116
103.5 0.140931721
108.5 0.130152239
113.5 0.119818444
118.5 0.110335647
123.5 0.100905005
128.5 0.091759181
133.5 0.083227178
138.5 0.075411360
143.5 0.067774270
148.5 0.060803217
153.5 0.053990725
158.5 0.047222126
163.5 0.040553628
168.5 0.034422194
173.5 0.028393708
178.5 0.022524967
183.5 0.017832434
188.5 0.014353745
193.5 0.010588537
198.5 0.006633344
