"y" "Ntrials" "wildfire" "logging" "lichwood" "openlich" "deciduous" "water" "wetland" "meanelev" "node_matern" "node_CAR"
0 18 55.291 0 2.443 0.284 6.255 3.855 2.571 574.783 1708 1
0 22 19.674 0 4.095 2.112 0 33.829 20.307 445.902 1711 2
4 61 1.203 0 12.104 6.737 4.736 9.268 19.824 475.327 1712 3
2 95 0.07 0 19.856 10.767 3.835 3.961 15.32 501.668 1713 4
0 50 2.667 0 16.564 21.689 1.04 8.747 5.882 527.234 1714 5
1 17 0 1.291 0.008 0 2.235 5.397 2.18 602.246 1654 6
0 56 0.166 0 5.953 0.331 11.546 7.538 4.081 533.864 1655 7
0 93 5.099 0 3.43 4.185 6.038 11.485 2.145 521.245 1656 8
0 92 58.402 0 0.935 2.572 1.084 9.036 3.872 492.971 1657 9
0 44 61.591 0 0.958 1.514 0.713 4.895 1.638 541.105 1658 10
0 83 15.822 0 7.137 3.528 1.303 3.392 5.075 545.563 1659 11
0 100 35.623 0 6.977 1.862 2.048 2.127 20.759 501.052 1660 12
0 100 5.645 0 16.027 8.997 3.955 6.562 12.987 507.952 1661 13
3 100 0.295 0 19.078 16.666 4.671 6.532 11.84 501.777 1662 14
0 89 0 0 17.556 11.54 3.664 15.476 1.759 557.85 1663 15
0 25 0.1 42.332 0 0 0.079 12.082 1.15 554.859 1601 16
0 78 0.106 48.034 0 0 0.751 16.519 1.085 551.102 1602 17
5 100 0 3.8 2.348 0.907 3.331 31.264 0.938 487.622 1603 18
3 100 0 0.025 2.243 0.227 4.751 51.641 2.181 457.311 1604 19
2 100 0.447 0 6.405 1.116 2.715 9.514 3.553 495.781 1605 20
1 100 24.139 0 2.368 0.877 2.117 3.683 2.064 580.2 1606 21
0 100 15.844 0 0.964 2.799 4.293 2.62 1.233 635.345 1607 22
1 100 9.885 0 1.988 10.492 0.448 6.829 3.043 617.024 1608 23
2 100 5.249 0 12.971 4.389 2.898 6.525 7.088 563.153 1609 24
6 100 2.941 0 7.187 3.171 0.685 50.134 3.751 509.177 1610 25
1 100 0.384 0 7.344 15.753 3.712 31.843 5.896 518.267 1611 26
0 100 0.011 0 9.342 19.651 8.885 10.378 2.686 572.408 1612 27
0 30 0 0 3.89 13.875 2.714 7.467 6.806 616.06 1613 28
0 22 0 2.073 0 0 1.226 25.145 0.391 544.187 1550 29
2 100 1.005 0 0 0 3.265 65.149 0.089 454.771 1551 30
1 100 0.248 30.002 0.975 0.354 0.813 31.306 0.435 497.694 1552 31
0 100 0.435 41.456 3.665 3.466 0.865 5.634 2.25 538.716 1553 32
0 100 0.34 6.252 6.836 0 3.379 2.123 2.689 555.197 1554 33
0 100 0.239 0.988 4.55 0.133 10.641 3.864 1.192 573.481 1555 34
0 100 0 0.18 2.971 0.025 6.077 3.489 1.43 652.503 1556 35
0 100 0.042 0 3.23 0.283 0.908 4.294 2.053 638.34 1557 36
3 100 0.585 0 8.265 5.224 4 40.965 4.165 522.946 1558 37
4 100 0 0 4.825 0.735 0 68.582 4.485 495.626 1559 38
1 100 0 0 14.691 10.544 6.691 24.64 9.049 520.122 1560 39
4 100 0.297 0 12.307 14.953 7.275 7.724 4.008 578.86 1561 40
2 71 0.008 0 9.378 26.217 1.445 8.383 21.263 524.102 1562 41
0 82 0.895 33.006 3.175 2.686 4.757 19.465 2.051 459.626 1500 42
0 100 4.532 30.057 4.617 5.753 9.866 5.319 0.743 450.051 1501 43
0 100 2.785 59.923 2.752 0.983 3.57 3.126 0.756 475.009 1502 44
0 100 3.959 29.385 0.688 0.054 1.521 2.973 1.211 572.262 1503 45
0 100 4.713 2.42 5.096 0.314 4.729 6.681 1.517 577.535 1504 46
0 100 0.674 0.083 1.353 0.77 3.417 11.683 2.13 593.437 1505 47
0 100 0.364 0 14.034 6.616 3.064 6.372 3.077 573.582 1506 48
2 100 0 0 2.825 1.425 0.325 50.892 4.535 516.752 1507 49
2 100 0 0 9.449 5.268 1.274 46.882 11.327 504.579 1508 50
3 100 0 0 9.499 1.197 0 41.446 18.502 500.835 1509 51
0 100 0.458 0 14.202 11.014 1.375 20.925 16.928 512.748 1510 52
0 99 0.885 0 27.795 15.204 3.01 6.524 8.619 543.951 1511 53
0 13 3.551 0 9.704 32.238 0.52 7.966 5.028 593.084 1512 54
0 36 2.699 35.869 0.217 0.775 19.583 9.392 1.466 385.222 1442 55
0 16 0.885 67.823 0.059 0 5.444 9.082 1.399 455.493 1448 56
0 75 1.788 9 6.463 13.136 19.659 3.823 2.444 434.168 1449 57
0 100 9.272 0 5.101 13.792 23.647 3.294 1.832 443.012 1450 58
0 100 4.881 20.242 4.58 20.565 8.123 2.166 1.897 441.481 1451 59
0 100 3.31 23.133 2.733 10.328 9.936 1.989 1.2 540.907 1452 60
0 100 0.784 0.139 4.637 2.401 1.51 5.768 1.713 567.222 1453 61
0 100 0.074 0.391 9.25 2.033 2.588 7.521 1.29 566.179 1454 62
4 100 0.543 0 10.198 10.219 5.836 5.952 2.451 563.703 1455 63
3 100 0.457 0 6.195 6.494 4.596 31.086 1.547 528.34 1456 64
13 100 0.031 0.2 1.399 0.685 0 50.326 15.026 499.503 1457 65
0 100 0.233 0 7.968 4.12 0 22.373 19.107 515.399 1458 66
0 100 0.478 0 5.864 11.808 4.755 4.52 4.315 595.43 1459 67
0 100 0.815 0 0.057 2.251 4.01 2.707 1.95 636.962 1460 68
2 52 1.056 0 3.621 2.5 0.223 2.516 2.574 644.573 1461 69
0 10 0.175 1.481 0.076 0 52.253 4.514 5.09 484.623 1388 70
0 58 3.594 0.03 1.939 2.941 26.936 10.151 3.41 395.172 1389 71
0 94 0.619 24.682 1.395 0.217 14.657 11.379 0.927 337.684 1390 72
4 100 11.185 20.995 0.697 0 12.149 6.859 1.38 338.288 1391 73
0 34 0 34.118 0 0 8.913 11.613 0.975 328.074 1392 74
0 37 8.047 61.538 0 0 10.915 4.099 1.372 375.03 1395 75
0 76 0.765 58.656 0.271 0 13.815 4.798 2.059 334.104 1396 76
0 100 16.707 22.376 0 0 17.75 8.78 1.409 461.89 1397 77
0 100 0.436 25.836 1.236 0.313 14.553 5.09 0.521 435.439 1398 78
0 100 2.15 16.799 7.275 8.718 9.154 5.6 2.917 400.873 1399 79
0 100 3.205 15.853 0.862 4.358 10.314 2.369 1.683 536.53 1400 80
0 100 2.699 11.322 1.47 2.2 14.258 4.808 1.145 580.82 1401 81
1 100 1.268 0 9.124 8.853 20.357 5.595 1.997 543.165 1402 82
7 100 0.046 0 7.366 3.042 10.054 8.23 2.192 529.305 1403 83
5 100 0.515 0 12.555 6.019 8.544 9.77 2.764 529.432 1404 84
5 100 0.021 0 14.662 11.282 5.061 13.452 8.15 506.454 1405 85
0 100 0 0 14.769 5.075 0.677 16.544 23.073 497.333 1406 86
1 100 0.502 0 14.913 15.74 3.585 9.991 16.27 514.116 1407 87
2 100 1.225 0 0.916 0.027 0.885 23.518 2.099 568.28 1408 88
8 100 0.418 0 2.755 1.327 0.017 23.87 5.086 548.873 1409 89
3 90 7.47 0 6.772 7.813 2.906 3.833 7.804 550.706 1410 90
0 10 0.291 23.43 0 0 29.531 13.535 0.505 404.906 1337 91
0 98 0 40.655 0 0 14.32 11.596 1.745 402.566 1338 92
0 100 0 45.908 0 0 15.691 3.969 2.529 482.107 1339 93
0 100 0.108 54.804 0 0 13.59 7.424 2.371 472.942 1340 94
0 79 0 82.492 0 0 2.104 6.621 1.247 495.368 1341 95
0 58 2.259 64.606 0 0.151 2.753 13.287 1.097 430.217 1342 96
0 94 4.553 34.52 0 0 9.685 8.472 2.801 416.312 1343 97
0 100 41.571 30.805 0 0 3.267 5.994 5.255 419.213 1344 98
0 100 6.826 46.737 0 0 5.797 1.929 1.472 421.512 1345 99
0 100 6.342 36.582 0.44 0.634 4.72 14.532 1.061 423.962 1346 100
0 100 0.18 56.395 0.588 1.163 5.499 6.71 1.218 424.713 1347 101
0 100 0.157 63.354 1.107 1.16 5.922 4.139 2.248 466.754 1348 102
0 100 0.624 54.301 0.808 0.667 9.891 4.134 1.336 536.612 1349 103
0 100 0 27.526 0.313 0.244 4.005 2.631 1.847 635.617 1350 104
0 100 0.324 0 6.277 11.799 3.331 5.284 5.436 625.524 1351 105
1 100 0 0 5.421 4.747 11.417 8.428 5.09 585.494 1352 106
0 100 0.184 0 10.093 5.392 11.247 17.516 6.072 535.394 1353 107
5 100 0.205 0 18.271 12.789 8.754 9.552 14.504 503.19 1354 108
8 100 0.405 0 18.78 4.643 1.594 18.978 8.479 503.464 1355 109
0 100 0.516 0 12.408 9.834 4.271 26.144 6.678 520.292 1356 110
2 100 0.448 0 6.687 3.465 1.592 29.202 2.441 555.614 1357 111
4 100 0 0 1.647 0.191 1.36 6.319 3.217 654.926 1358 112
7 100 0 0 5.198 2.262 1.664 7.682 3.428 639.27 1359 113
1 34 0.148 0 10.268 3.169 0.611 3.021 1.646 665.438 1360 114
0 68 0 31.36 0 0 13.639 13.734 2.668 384.165 1287 115
0 100 0.041 34.028 0 0 28.548 4.996 3.198 448.098 1288 116
0 100 0.049 34.063 0 0 25.521 7.835 4.293 479.597 1289 117
0 100 0 38.994 0 0 18.035 24.099 2.03 491.509 1290 118
0 100 0 52.4 0 0 1.625 29.573 1.182 446.8 1291 119
1 100 3.211 11.54 0 0 3.696 38.7 1.214 419.831 1292 120
0 100 61.003 10.525 0 2.048 0 11.744 7.579 417.537 1293 121
0 100 2.61 57.546 0 0.996 0.433 3.032 4.596 431.185 1294 122
0 100 0.09 31.435 0.417 0.464 3.369 6.082 2.941 443.682 1295 123
0 100 2.315 7.628 3.701 9.653 6.544 6.537 6.418 437.575 1296 124
0 100 1.64 51.437 1.51 2.541 3.395 8.719 2.639 454.975 1297 125
0 100 0.159 59.284 0.349 0 0.213 3.17 1.876 541.273 1298 126
0 100 0 10.36 0 0 0 6.327 1.727 634.926 1299 127
0 100 0 0 0 0 0 4.867 1.929 671.635 1300 128
0 100 0.04 0 0 0 7.356 7.22 1.139 643.602 1301 129
0 100 0 0 3.006 0.974 6.118 6.942 2.428 565.473 1302 130
0 100 25.365 0 9.563 4.379 1.312 14.263 8.543 501.823 1303 131
4 100 17.168 0 9.652 5.963 2.988 11.602 6.161 529.152 1304 132
6 100 0.019 0 5.514 7.611 4.966 6.504 3.947 626.208 1305 133
0 100 0 0 1.708 0.143 1.168 7.051 3.662 698.097 1306 134
0 100 0 0 3.122 0.523 2.718 9.322 2.223 681.095 1307 135
0 100 0 0 3.889 1.119 0.242 12.383 1.845 696.77 1308 136
0 74 0 0 0 0 0.122 10.184 1.938 766.933 1309 137
0 28 79.245 0 0.71 0 0.33 6.359 3.987 515.499 1312 138
0 77 74.578 0 0.685 0.314 0.924 4.361 5.866 527.388 1313 139
0 95 71.438 0 1.187 0.095 0.232 11.026 6.275 529.367 1314 140
0 13 54.204 0 2.498 5.263 0.848 10.127 7.207 532.37 1315 141
0 28 0.229 6.476 0 0 28.399 6.163 2.206 506.246 1236 142
0 100 0 24.227 0 0 7.133 11.647 3.821 545.711 1237 143
0 100 0 13.502 0 0 2.214 19.036 5.14 557.619 1238 144
0 100 0 10.668 0 0 3.581 16.54 2.182 564.014 1239 145
0 100 8.693 15.653 0 0 11.08 20.733 1.861 459.946 1240 146
2 100 12.211 0.442 0 0 4.095 50.925 1.322 403.224 1241 147
1 100 30.475 0 0.644 4.601 10.142 22.674 2.657 411.02 1242 148
0 100 0.163 4.943 1.673 12.156 31.312 2.124 3.516 459.726 1243 149
0 100 0.435 6.359 0.524 2.211 6.433 10.77 1.222 457.229 1244 150
0 100 3.357 0 1.285 5.243 5.117 11.95 2.607 462.123 1245 151
0 100 5.941 0.983 0.506 0 12.679 8.383 1.16 493.238 1246 152
0 100 3.268 16.126 0 0 1.319 8.812 1.819 568.089 1247 153
0 100 0 0.171 0 0 0.7 8.059 2.365 615.97 1248 154
0 100 0 0 2.137 0 5.869 8.307 2.723 617.863 1249 155
0 100 0 0 1.281 0.633 13.1 7.273 3.221 587.431 1250 156
0 100 0 0 1.888 7.053 1.853 5.783 3.114 533.343 1251 157
0 100 1.45 0 9.668 18.944 0.235 6.256 6.272 540.231 1252 158
0 100 3.044 0 6.07 16.51 1.75 3.82 3.789 607.323 1253 159
2 100 0 0 0.278 1.123 3.261 10.723 2.928 706.292 1254 160
6 100 0 0 0 0 0 7.911 4.175 754.65 1255 161
0 100 0.191 0 1.186 0.154 0.276 7.505 2.773 761.028 1256 162
5 100 0 0 0.45 3.736 1.571 7.236 3.212 784.718 1257 163
0 100 0 0 0 1.221 0.865 11.108 3.071 879.06 1258 164
0 44 1.244 0 0.633 3.039 0.597 5.07 3.68 749.538 1259 165
0 78 53.646 0 0.834 3.77 1.288 4.415 1.599 513.319 1260 166
0 100 71.073 0 1.092 1.227 0.467 3.444 3.524 507.288 1261 167
0 100 63.883 0 0.287 1.157 0.33 15.091 6.512 515.366 1262 168
0 100 35.869 0 2.879 7.623 1.277 18.874 6.83 522.368 1263 169
0 53 6.492 0 9.893 23.487 1.37 15.5 4.681 545.364 1264 170
0 87 0 25.208 0 0 9.772 8.86 3.625 615.395 1186 171
0 100 0.005 7.992 0 0 8.56 12.442 2.47 565.373 1187 172
0 100 3.453 2.628 0 0 4.275 17.737 1.68 537.134 1188 173
0 100 7.383 0.222 0 0.165 10.22 17.203 1.395 529.931 1189 174
2 100 0.587 5.102 0 0.221 8.214 45.246 0.913 427.649 1190 175
1 100 0 1.146 0.084 0.137 4.847 70.473 1.001 399.843 1191 176
7 100 0.783 0 1.774 1.573 5.356 66.326 1.123 403.497 1192 177
2 100 2.53 0.074 3.9 4.035 5.69 10.781 2.965 452.385 1193 178
0 100 4.845 0 0 2.418 11.786 43.692 1.978 432.439 1194 179
0 100 7.872 0 1.037 0 6.681 10.683 3.291 478.173 1195 180
0 100 0.683 0 0 0 1.714 8.159 1.365 553.547 1196 181
0 100 0 0 0.744 0 6.019 9.993 2.65 608.648 1197 182
0 100 0 0 1.357 0 6.593 9.283 2.504 609.663 1198 183
0 100 0 0 3.403 1.342 3.702 6.077 2.002 554.384 1199 184
0 100 0 0 0 0.268 0.098 5.537 1.861 597.046 1200 185
1 100 0.704 0 0.969 4.138 0.077 4.318 3.945 633.971 1201 186
0 100 0.16 0 0.046 2.557 0 6.579 5.222 713.185 1202 187
2 100 0 0 0 0 0 9.726 3.969 730.763 1203 188
0 100 0 0 0 0 0.104 7.831 3.283 763.791 1204 189
0 100 0 0 0.79 7.87 2.591 6.397 2.195 691.487 1205 190
0 100 0.931 0 1.088 4.91 9.244 7.163 1.716 730.628 1206 191
0 100 0 0 0.108 3.788 2.976 5.603 2.741 778.639 1207 192
0 100 0.397 0 4.615 15.082 4.689 4.247 1.209 544.009 1208 193
0 100 7.869 0 3.887 14.084 3.127 8.556 1.116 608.51 1209 194
0 100 11.235 0 5.833 16.714 2.563 7.148 4.079 585.331 1210 195
1 100 22.099 0 4.826 10.069 0.667 9.768 4.006 534.335 1211 196
1 100 1.451 0 6.272 11.614 2.327 11.527 4.788 526.32 1212 197
0 93 1.216 0 6.107 3.741 8.181 7.223 2.829 512.986 1213 198
0 48 0.831 39.679 0 0 6.806 10.759 1.581 579.567 1135 199
0 100 3.068 6.737 0.244 0.074 15.778 12.544 1.765 543.154 1136 200
0 100 0.104 0.073 0.075 2.601 14.89 6.444 2.261 549.235 1137 201
0 100 0.361 0.174 0.543 1.842 14.823 11.067 1.388 512.955 1138 202
0 100 0.077 50.731 0.155 0.899 9.11 12.588 1.144 530.342 1139 203
0 100 1.72 33.187 0 0 1.789 40.653 0.603 472.83 1140 204
0 100 4.938 32.669 0 0 1.986 41.204 0.703 464.641 1141 205
0 100 2.318 0 0 4.211 6.484 38.108 0.749 436.124 1142 206
0 100 2.649 0 0.159 1.952 18.397 13.332 1.952 472.447 1143 207
0 100 11.353 0 0.805 0 2.612 11.492 2.743 474.4 1144 208
0 100 9.854 0 0 0 4.164 7.808 0.694 516.688 1145 209
0 100 0.082 0 0.358 0 2.772 12.642 3.235 524.859 1146 210
0 100 0 0 3.474 0 2.015 6.916 2.272 500.949 1147 211
0 100 0.021 0 0.74 0 0.141 7.89 1.411 524.887 1148 212
0 100 0 0 0.114 0.7 1.865 5.587 2.265 568.148 1149 213
0 100 7.258 0 0 0 1.599 6.024 1.534 634.57 1150 214
0 100 0 0 0 0 0.071 5.928 3.257 706.116 1151 215
0 100 0 0 0 0 0.298 12.799 0.802 682.876 1152 216
0 100 0 0 0.445 0 0.774 6.058 2.095 631.73 1153 217
0 100 0.554 0 3.321 2.362 2.183 4.283 3.602 656.413 1154 218
0 100 0.631 0 4.028 0.851 6.144 4.911 2.099 581.393 1155 219
0 100 0 0 2.749 1.248 8.206 6.19 2.043 525.465 1156 220
0 100 0 0 1.478 1.772 15.058 8.569 1.16 601.683 1157 221
0 100 1.389 0 1.887 3.638 1.226 14.174 1.004 591.296 1158 222
0 100 1.896 0 10.593 9.176 1.36 22.474 3.913 483.273 1159 223
1 100 0.798 0 11.758 7.409 6.513 6.527 8.882 491.649 1160 224
0 100 0.223 0 10.271 5.12 7.854 14.386 7.086 446.043 1161 225
0 98 0 0 3.235 2.591 6.813 47.104 2.857 392.877 1162 226
0 21 0.825 0 0.285 0.763 3.392 58.29 1.368 381.242 1163 227
0 10 1.131 46.523 0.421 0 5.372 8.916 1.145 559.3 1084 228
0 98 0 29.675 0.319 0.473 5.285 24.652 0.963 512.804 1085 229
0 100 0.254 0.128 2 5 7.639 14.758 0.897 551.819 1086 230
0 100 0 5.629 0.091 0.24 2.253 13.371 1.611 616.497 1087 231
0 100 3.526 25.125 0 0 5.054 11.234 1.715 558.561 1088 232
1 100 18.14 22.383 0.331 0 6.608 25.074 0.532 475.999 1089 233
2 100 31.357 6.802 0 0 1.518 41.901 0.299 459.406 1090 234
0 100 1.798 0 0.905 4.065 17.832 50.62 1.164 427.105 1091 235
0 100 1.952 0 0.853 1.749 8.786 17.269 0.767 458.648 1092 236
0 100 1.339 0 0.673 0 1.313 10.175 4.599 446.853 1093 237
1 100 2.069 0 1.426 0.174 1.969 8.068 3.652 454.543 1094 238
0 100 0.116 0 3.344 6.117 6.529 7.919 2.543 462.023 1095 239
0 100 0.021 0 9.041 1.666 3.086 7.166 5.842 475.411 1096 240
0 100 0.594 19.027 7.649 7.07 1.252 5.393 3.327 475.756 1097 241
0 100 13.435 2.823 0.509 1.293 3.553 8.302 1.061 533.309 1098 242
0 100 0 2.421 0 0 1.426 6.116 0.617 596.614 1099 243
0 100 0.144 0 1.734 2.405 0.613 4.411 1.99 560.003 1100 244
0 100 0 0 0 0 0.897 5.977 0.843 580.556 1101 245
0 100 0.213 0 4.625 0.063 0.569 4.91 1.452 627.315 1102 246
0 100 1.156 0 1.141 8.067 0.388 6.884 4.238 653.479 1103 247
0 100 15.698 0 2.685 0.03 3.836 4.488 2.453 559.402 1104 248
0 100 0.373 0 3.787 1.059 5.732 8.534 2.553 464.079 1105 249
0 100 0 0 0.393 0.096 10.942 14.889 0.396 570.968 1106 250
0 100 0 1.307 6.065 4.242 1.52 6.188 1.133 548.21 1107 251
3 100 0.635 0 11.345 8.315 4.958 5.504 4.375 538.614 1108 252
1 100 1.289 0 6.838 0.276 5.742 6.322 8.083 527.971 1109 253
0 88 0.226 0.228 2.483 0.269 10.822 38.092 2.788 404.669 1110 254
0 22 0 0 0.682 2.68 8.681 26.443 3.16 456.955 1111 255
2 68 0.044 21.671 0.264 2.273 6.217 22.305 0.757 534.499 1034 256
0 78 0.145 0 0 0.543 6.068 13.726 1.831 581.952 1035 257
0 36 0 8.47 0.7 0.421 6.077 7.78 3.314 577.638 1036 258
0 78 0.164 25.834 0 0 4.952 7.47 2.49 573.77 1037 259
0 100 0.742 2.496 0.04 0 18.072 22.11 0.813 467.498 1038 260
3 100 0.498 0 0 0.131 6.423 24.119 0.356 485.673 1039 261
1 100 0.708 0 0.286 0.131 12.035 21.443 0.67 467.905 1040 262
0 100 0 0 0.283 0.034 7.845 18.294 1.451 465.065 1041 263
0 100 0 0.042 1.772 0.35 4.088 11.377 2.297 484.118 1042 264
0 100 0 0 1.052 0.07 2.931 17.398 1.53 465.26 1043 265
0 100 0.823 0 1.61 7.217 13.475 8.552 2.957 477.805 1044 266
0 100 19.097 5.093 4.162 2.505 5.306 8.091 2.936 507.508 1045 267
0 100 2.349 31.37 2.199 2.546 3.384 5.9 2.285 514.323 1046 268
0 100 16.021 30.508 0.794 0.532 1.677 7.795 1.093 521.3 1047 269
0 100 0.069 8.057 0 0 1.873 5.486 1.321 542.25 1048 270
0 100 0.044 4.149 2.102 0.552 6.848 4.47 1.318 540.392 1049 271
0 100 0 0 3.576 2.521 2.756 5.268 1.836 502.185 1050 272
0 100 0 0 0.382 0.323 0.857 6.148 2.174 556.028 1051 273
1 100 0 0 1.963 0.697 3.61 3.256 2.23 580.35 1052 274
0 100 4.681 0 4.87 1.063 17.264 8.99 1.927 456.32 1053 275
0 100 1.317 0 9.785 1.776 5.785 10.705 1.714 442.142 1054 276
1 100 0 2.201 4.293 1.131 0.917 4.442 1.429 537.05 1055 277
1 100 0.09 1.774 4.646 1.762 2.156 4.199 1.715 585.538 1056 278
0 100 20.146 0.831 4.265 2.107 2.841 5.404 4.756 551.144 1057 279
0 96 33.599 0.155 0.588 0.001 5.018 16.344 4.73 450.779 1058 280
0 36 3.446 12.548 0.633 0 4.624 10.223 2.22 488.999 986 281
2 100 0.877 13.852 0.593 1.014 4.002 9.379 2.067 495.66 987 282
2 100 0.593 10.16 0 0 0.795 33.117 0.341 467.039 988 283
1 100 0 12.138 0.104 0 0 9.388 1.347 495.385 989 284
3 100 0 1.049 0 0 0.059 14.011 1.689 490.862 990 285
0 100 10.443 3.859 1.486 0.496 2.804 9.498 2.832 470.674 991 286
0 100 0 1.383 0 0.894 2.107 16.709 1.107 500.291 992 287
0 100 0.051 0 1.718 9.767 12.372 12.468 0.99 522.433 993 288
0 100 70.223 0.303 0.054 0.946 2.813 8.25 2.916 497.285 994 289
0 100 35.665 30.012 0 0.583 1.494 8.893 2.884 508.979 995 290
0 100 0.232 56.113 0 0.223 0.992 9.88 1.63 460.864 996 291
0 100 0 12.455 0.957 0.28 9.049 6.193 1.293 473.591 997 292
0 100 1.275 0.707 0.363 0.272 4.811 2.801 0.928 504.212 998 293
0 100 0 0 0.388 0.62 14.878 16.244 1.297 418.003 999 294
0 100 0 0 3.11 0.942 7.827 19.631 1 430.669 1000 295
0 100 0 0 6.931 3.386 7.651 17.586 2.558 409.502 1001 296
0 100 0 0 11.95 0.945 16.103 8.703 1.774 450.211 1002 297
0 100 0 0 3.735 2.344 2.646 6.321 1.31 536.431 1003 298
0 100 0 4.843 3.18 2.05 2.175 5.092 1.865 578.057 1004 299
0 100 1.242 29.619 5.501 0.4 0.347 7.501 1.978 526.686 1005 300
0 100 4.417 11.738 3.33 0.12 2.78 7.744 4.217 571.596 1006 301
0 100 2.248 0.28 2.982 1.88 4.773 36.499 1.887 440.107 1007 302
0 29 0 0 0.564 0 4.48 39.177 0.676 412.347 1008 303
1 92 0 1.83 0.137 0.806 2.657 42.734 0.542 452.372 936 304
2 100 0 18.336 0 0 2.329 17.578 0.561 512.815 937 305
0 100 0.765 54.794 0 0 0.2 7.953 1.355 487.026 938 306
1 100 0.197 7.317 0 0 0 9.129 1.426 495.923 939 307
1 100 0.129 0.207 0.236 0.893 0.48 7.382 1.883 497.965 940 308
0 100 0 29.49 1.741 1.427 1.522 4.329 1.599 485.129 941 309
0 100 0 28.753 0.575 0.652 1.876 8.125 1.765 512.361 942 310
0 100 28.122 27.537 0.832 0.061 0 6.916 3.302 503.639 943 311
0 100 43.676 14.246 0 0 0.165 20.692 3.127 450.838 944 312
0 100 0 45.462 0.041 0 0.879 18.983 1.337 434.784 945 313
0 100 0.097 1.342 0.154 0.338 9.302 50.794 0.53 372.035 946 314
0 100 0.025 0 0.067 0.046 10.214 33.567 0.969 410.246 947 315
0 100 0.959 0 1.161 0.463 9.397 34.37 0.557 395.705 948 316
0 100 0 0 3.806 1.693 4.503 24.036 2.712 410.284 949 317
0 100 0.253 0 7.208 3.336 9.137 5.41 2.095 468.007 950 318
0 100 0 0 4.35 2.297 20.756 3.845 1.683 574.629 951 319
0 100 0 0 0.793 0.225 6.83 11.462 0.662 553.121 952 320
1 100 0 0 1.357 1.537 1.092 4.686 2.094 561.137 953 321
1 100 0.788 0 4.33 1.235 0.502 8.342 1.726 530.818 954 322
0 100 7.378 0.479 1.487 0.674 3.821 12.738 1.655 495.117 955 323
2 100 0.791 1.376 0 0 1.836 41.814 0.813 390.507 956 324
0 72 0.264 0.297 0 0.341 8.312 48.67 2.325 399.08 957 325
0 52 0.052 17.668 0 0.466 12.278 14.442 0.775 450.098 885 326
0 100 11.011 28.953 0 0 3.97 5.491 0.922 439.882 886 327
0 100 34.618 38.618 0 0 2.532 7.719 1.131 454.313 887 328
0 100 1.853 45.548 0 0.838 0.146 35.943 0.893 431.827 888 329
0 100 0 36.228 2.43 0.465 1.355 22.747 1.28 452.924 889 330
0 100 0 55.553 1.114 0.235 0.633 11.627 0.997 471.311 890 331
0 100 0.232 44.306 1.168 0 4.496 6.13 2.005 513.992 891 332
0 100 3.079 32.144 1.667 2.092 12.669 5.374 1.44 462.316 892 333
0 100 2.225 37.786 2.099 3.967 8.508 5.866 2.763 528.361 893 334
0 100 0 29.498 0.498 0 3.188 22.358 0.839 468.295 894 335
0 100 0 1.152 0 8.435 8.923 52.659 0.778 400.72 895 336
0 100 0.112 0 1.937 8.23 8.494 5.985 2.881 489.621 896 337
0 100 0 1.871 1.102 3.489 11.139 9.454 2.105 581.411 897 338
0 100 0 6.212 4.04 4.441 11.409 6.123 3.797 588.665 898 339
0 100 0 0.988 6.454 5.656 31.044 4.662 2.822 590.765 899 340
0 100 0 0 5.375 1.389 15.39 5.233 3.065 505.395 900 341
0 100 0 0.999 1.347 1.763 5.815 9.457 2.855 503.021 901 342
0 100 0 0.253 1.509 0 1.647 17.35 1.836 513.085 902 343
0 100 0 0.072 0.757 0 3.606 24.233 0.659 473.653 903 344
0 100 0 1.981 0 0 1.539 25.661 0.657 452.135 904 345
1 100 0.049 0 4.398 0.25 3.833 24.403 1.382 434.437 905 346
0 100 0 0.162 3.714 0 2.623 72.908 0.988 361.683 906 347
0 17 0 0 0.328 0.054 10.64 51.976 0.712 397.82 907 348
0 21 6.577 29.379 0 0.027 14.207 6.292 1.084 356.438 834 349
0 100 60.591 21.565 0 0 1.999 6.112 0.651 361.1 835 350
0 100 71.218 7.374 0 0 1.027 9.575 2.155 483.265 836 351
1 100 52.671 14.839 0 0 0.154 15.206 4.25 485.866 837 352
0 100 4.15 55.011 1.077 0 1.791 6.719 1.539 446.614 838 353
0 100 0.233 56.652 2.873 0 1.717 6.063 1.827 485.057 839 354
0 100 0.503 13.333 0.301 0.121 17.009 29.364 1.11 408.086 840 355
0 100 0.578 0 0.117 5.133 25.649 15.347 2.598 458.577 841 356
0 100 0.515 24.844 2.998 2.871 18.147 7.636 3.006 460.925 842 357
0 100 1.63 16.239 0 0 4.448 52.595 0.425 384.765 843 358
0 100 1.32 12.288 0 1.82 3.37 56.175 0.505 380.973 844 359
1 100 0.847 7.169 0.892 3.958 1.087 11.286 1.021 492.514 845 360
0 100 0.826 25.587 0.038 0.722 0.515 13.166 1.624 566.863 846 361
0 100 1.443 50.764 1.329 0.517 1.011 10.683 2.076 553.676 847 362
0 100 0 46.968 0.275 0.165 6.686 6.5 2.703 563.684 848 363
0 100 0 6.442 2.276 0.55 12.035 3.265 3.939 444.521 849 364
0 100 2.092 5.23 1.178 0 8.563 20.039 0.905 410.965 850 365
0 100 0 0.339 0.482 0.072 2.202 20.399 0.471 440.414 851 366
0 100 0 0.605 0 0 2.388 18.429 1.695 471.678 852 367
0 100 0 0.097 0 0 0.264 8.193 1.004 516.707 853 368
0 100 0 0 2.68 0.921 3.555 4.591 1.15 600.456 854 369
0 100 0 0.146 8.626 0.43 5.183 6.467 3.92 502.269 855 370
0 95 0.412 0.053 1.388 0.384 1.897 59.953 0.721 371.482 856 371
0 21 0 0 0 0.042 1.342 88.026 0.375 351.382 857 372
0 22 2.128 51.197 0 0 2.424 6.419 1.974 505.32 781 373
0 63 16.883 29.138 0.253 0 13.182 5.468 2.462 459.662 782 374
0 98 37.736 7.342 0 0 20.082 5.004 1.005 367.806 783 375
0 100 67.222 0 0 0 0.012 7.264 1.172 480.638 784 376
0 100 63.114 0 0 0 0.282 14.147 2.083 485.723 785 377
0 100 50.528 2.232 0 0 0.442 16.849 3.22 485.142 786 378
0 100 0.626 25.551 0.447 0 2.563 11.132 1.478 462.214 787 379
1 100 0.458 38.899 0.073 0.088 1.234 9.929 2.344 467.913 788 380
0 100 3.38 15.656 0.124 0.005 15.585 12.705 1.509 419.453 789 381
0 100 0.611 0 0 0.041 30.335 28.445 1.586 422.757 790 382
0 85 0.137 0.456 0 0.153 15.337 67.53 0.074 366.703 791 383
0 96 1.041 1.997 0.815 0.235 14.297 26.106 1.372 419.622 792 384
0 100 0 0.689 1.211 8.69 3.955 16.355 1.193 446.232 793 385
0 100 0.004 0.307 0.531 2.974 1.839 8.567 1.612 519.789 794 386
0 100 0 6.926 0.053 0.317 0 7.574 4.604 580.18 795 387
0 100 0 20.221 0.031 1.253 0.742 9.07 4.213 510.101 796 388
0 100 0 21.81 1.096 1.131 5.937 5.888 1.571 427.677 797 389
0 100 0 2.408 4.459 1.279 5.804 8.544 1.697 346.516 798 390
0 100 0.866 0.198 2.022 0.785 12.458 7.209 1.904 379.93 799 391
0 100 0 0 0.218 0 5.071 10.779 2.107 458.359 800 392
1 100 0.113 0 1.056 0.067 0 39.927 2.25 418.593 801 393
0 100 0 0 0.758 0.05 0 5.969 2.731 628.96 802 394
0 100 0 0 0 0 0 8.621 2.023 730.635 803 395
1 100 0 0 0 0 0.727 7.876 1.266 696.454 804 396
0 100 0 0 0.489 0.998 4.296 5.69 1.191 536.24 805 397
0 50 0 0.078 3.82 2.959 2.706 5.111 4.115 480.425 806 398
1 68 2.939 27.007 0 0.076 3.053 3.159 3.369 463.669 730 399
0 100 1.28 57.091 0 0 0.802 4.881 2.478 467.661 731 400
0 100 18.23 19.979 0 0 12.193 22.886 0.572 314.367 732 401
0 100 66.477 0 0 0 0 7.672 1.732 427.201 733 402
0 100 62.648 0 0 0 0.027 11.106 2.812 444.385 734 403
0 100 60.871 11.257 0 0 0.435 9.191 1.673 438.955 735 404
1 100 13.844 21.31 0 0.16 0.741 12.512 0.969 443.901 736 405
0 100 0 62.542 0 0 0.338 7.17 0.823 437.105 737 406
0 72 0.604 33.917 0 0.079 15.773 19.581 1.508 439.002 738 407
0 29 4.14 10.862 0 0.267 12.167 42.719 1.189 390.941 739 408
0 61 0.03 47.213 0 0.025 4.29 25.09 1.985 432.104 741 409
0 100 0.037 10.354 0.461 5.915 2.485 21.231 1.068 415.939 742 410
0 100 0.198 0.26 0 9.225 3.629 7.43 1.217 446.358 743 411
0 100 0.042 29.36 0.12 3.267 1.064 3.139 1.988 488.771 744 412
0 100 0.527 65.19 0 0.816 5.685 10.011 2.292 407.553 745 413
0 100 0 13.02 0.626 1.424 5.169 20.387 1.616 301.038 746 414
0 100 0 0 3.044 2.124 2.871 7.771 2.578 362.683 747 415
0 100 0.13 0 3.972 3.532 9.209 17.036 2.221 419.944 748 416
0 100 6.23 0 4.917 3.812 7.029 3.756 1.899 451.24 749 417
1 100 0.199 0 2.28 0 4.627 3.243 2.392 608.866 750 418
0 100 0.062 0 0 0 0.1 4.697 3.587 690.476 751 419
0 98 0 0 0 0 1.229 8.984 1.615 626.87 752 420
0 65 0 0 0 0 0.084 5.651 1.65 673.895 753 421
0 20 0 0 0 0 0.045 12.088 1.091 648.749 754 422
0 25 0 6.803 0 0 11.536 9.659 1.76 396.443 679 423
0 100 0 35.73 0 0 16.311 11.294 0.6 324.625 680 424
0 100 41.773 8.84 0 0 16.124 13.24 0.713 312.538 681 425
0 100 69.216 14.261 0 0 0.894 6.42 0.852 342.285 682 426
0 100 77.799 5.8 0 0 0.019 6.744 1.767 376.727 683 427
0 96 57.328 15.645 0 0.229 0.124 9.777 1.043 381.581 684 428
0 59 36.722 38.315 0 0 0 5.735 1.306 413.261 685 429
0 16 3.339 43.462 0 0.135 7.885 8.396 0.294 377.826 686 430
0 17 0.151 46.753 0 0.048 5.699 24.921 0.836 378.117 690 431
0 100 0 11.606 0 1.739 10.138 36.921 0.358 279.381 691 432
0 100 0.073 5.384 0 3.89 1.911 39.971 0.654 339.141 692 433
0 100 0.242 24.28 0 0.995 0.855 22.033 1.006 358.742 693 434
0 100 0.258 7.503 0 1.297 6.323 26.327 0.444 357.011 694 435
0 100 0 1.295 0.365 0 25.193 3.677 2.311 443.695 695 436
0 100 0 0 1.352 0 5.477 11.057 2.102 441.044 696 437
0 100 0 0 4.242 4.688 3.585 4.029 1.758 419.52 697 438
0 100 0.945 0 12.077 7.055 14.296 5.236 3.332 472.072 698 439
0 94 0 0 2.203 0.259 12.854 9.691 1.311 566.739 699 440
0 55 0 0 0.751 0.027 9.673 6.802 1.695 577.062 700 441
0 12 0 0 0 0 2.053 4.173 1.488 667.692 701 442
0 82 0.038 51.346 0 0.853 16.27 9.503 0.991 349.515 629 443
0 100 48.431 8.853 0 0 15.7 5.211 0.673 262.972 630 444
0 88 67.669 20.96 0 0 0 4.962 0.991 350.691 631 445
0 46 49.09 38.619 0 0 0 7.736 1.231 364.101 632 446
1 72 0.029 15.211 0 3.552 1.35 12.493 0.874 416.904 640 447
1 100 0 13.48 0 3.539 0.744 21.973 1.225 423.125 641 448
0 100 0 20.434 0.882 0.81 0 18.296 1.504 429.332 642 449
0 100 0 5.75 2.078 0.634 1.32 12.947 1.369 424.864 643 450
0 100 0 0 1.51 1.605 12.392 10.08 1.615 471.792 644 451
0 100 0 0 5.637 0.161 4.701 20.08 1.76 458.958 645 452
0 88 0 0 8.034 3.495 8.649 9.6 2.129 474.994 646 453
0 44 0 0.071 7.772 0.208 9.249 7.497 1.706 508.373 647 454
0 29 0.12 36.774 0 2.727 22.042 5.043 1.17 238.696 578 455
0 32 56.214 9.368 0 0 12.064 4.452 1.377 257.699 579 456
0 28 0 35.991 0.012 1.339 4.592 6.458 0.947 406.756 589 457
0 100 0 15.794 0 2.816 0.559 8.078 1.441 487.639 590 458
0 100 0 1.436 0 0.405 0.008 6.304 3.417 546.373 591 459
0 100 0 0 0.086 0.043 0.301 11.49 1.526 525.998 592 460
1 80 0 0.05 0.83 0.43 0.918 14.948 1.889 527.521 593 461
0 34 0 0 1.11 0.038 3.939 7.957 1.321 528.311 594 462
0 83 0.14 40.663 0.576 0.137 4.977 10.549 1.481 448.63 539 463
0 69 0 0.067 0.152 0.381 8.728 5.544 1.658 441.888 540 464
0 24 0 6.586 0 0 0.769 8.967 1.033 511.5 541 465
