465
1 3 8 9 10
2 4 3 11 12 13
3 5 2 4 12 13 14
4 5 3 5 13 14 15
5 3 4 14 15
6 4 7 17 18 19
7 5 6 8 18 19 20
8 6 1 7 9 19 20 21
9 6 1 8 10 20 21 22
10 6 1 9 11 21 22 23
11 6 2 10 12 22 23 24
12 7 2 3 11 13 23 24 25
13 8 2 3 4 12 14 24 25 26
14 8 3 4 5 13 15 25 26 27
15 6 4 5 14 26 27 28
16 3 17 29 30
17 6 6 16 18 29 30 31
18 7 6 7 17 19 30 31 32
19 8 6 7 8 18 20 31 32 33
20 8 7 8 9 19 21 32 33 34
21 8 8 9 10 20 22 33 34 35
22 8 9 10 11 21 23 34 35 36
23 8 10 11 12 22 24 35 36 37
24 8 11 12 13 23 25 36 37 38
25 8 12 13 14 24 26 37 38 39
26 8 13 14 15 25 27 38 39 40
27 7 14 15 26 28 39 40 41
28 4 15 27 40 41
29 4 16 17 30 42
30 7 16 17 18 29 31 42 43
31 8 17 18 19 30 32 42 43 44
32 8 18 19 20 31 33 43 44 45
33 8 19 20 21 32 34 44 45 46
34 8 20 21 22 33 35 45 46 47
35 8 21 22 23 34 36 46 47 48
36 8 22 23 24 35 37 47 48 49
37 8 23 24 25 36 38 48 49 50
38 8 24 25 26 37 39 49 50 51
39 8 25 26 27 38 40 50 51 52
40 8 26 27 28 39 41 51 52 53
41 6 27 28 40 52 53 54
42 7 29 30 31 43 56 57 58
43 8 30 31 32 42 44 57 58 59
44 8 31 32 33 43 45 58 59 60
45 8 32 33 34 44 46 59 60 61
46 8 33 34 35 45 47 60 61 62
47 8 34 35 36 46 48 61 62 63
48 8 35 36 37 47 49 62 63 64
49 8 36 37 38 48 50 63 64 65
50 8 37 38 39 49 51 64 65 66
51 8 38 39 40 50 52 65 66 67
52 8 39 40 41 51 53 66 67 68
53 7 40 41 52 54 67 68 69
54 4 41 53 68 69
55 3 72 73 74
56 5 42 57 76 77 78
57 7 42 43 56 58 77 78 79
58 8 42 43 44 57 59 78 79 80
59 8 43 44 45 58 60 79 80 81
60 8 44 45 46 59 61 80 81 82
61 8 45 46 47 60 62 81 82 83
62 8 46 47 48 61 63 82 83 84
63 8 47 48 49 62 64 83 84 85
64 8 48 49 50 63 65 84 85 86
65 8 49 50 51 64 66 85 86 87
66 8 50 51 52 65 67 86 87 88
67 8 51 52 53 66 68 87 88 89
68 8 52 53 54 67 69 88 89 90
69 5 53 54 68 89 90
70 3 71 91 92
71 5 70 72 91 92 93
72 6 55 71 73 92 93 94
73 6 55 72 74 93 94 95
74 5 55 73 94 95 96
75 4 76 97 98 99
76 6 56 75 77 98 99 100
77 7 56 57 76 78 99 100 101
78 8 56 57 58 77 79 100 101 102
79 8 57 58 59 78 80 101 102 103
80 8 58 59 60 79 81 102 103 104
81 8 59 60 61 80 82 103 104 105
82 8 60 61 62 81 83 104 105 106
83 8 61 62 63 82 84 105 106 107
84 8 62 63 64 83 85 106 107 108
85 8 63 64 65 84 86 107 108 109
86 8 64 65 66 85 87 108 109 110
87 8 65 66 67 86 88 109 110 111
88 8 66 67 68 87 89 110 111 112
89 8 67 68 69 88 90 111 112 113
90 6 68 69 89 112 113 114
91 4 70 71 92 115
92 7 70 71 72 91 93 115 116
93 8 71 72 73 92 94 115 116 117
94 8 72 73 74 93 95 116 117 118
95 7 73 74 94 96 117 118 119
96 6 74 95 97 118 119 120
97 6 75 96 98 119 120 121
98 7 75 76 97 99 120 121 122
99 8 75 76 77 98 100 121 122 123
100 8 76 77 78 99 101 122 123 124
101 8 77 78 79 100 102 123 124 125
102 8 78 79 80 101 103 124 125 126
103 8 79 80 81 102 104 125 126 127
104 8 80 81 82 103 105 126 127 128
105 8 81 82 83 104 106 127 128 129
106 8 82 83 84 105 107 128 129 130
107 8 83 84 85 106 108 129 130 131
108 8 84 85 86 107 109 130 131 132
109 8 85 86 87 108 110 131 132 133
110 8 86 87 88 109 111 132 133 134
111 8 87 88 89 110 112 133 134 135
112 8 88 89 90 111 113 134 135 136
113 7 89 90 112 114 135 136 137
114 4 90 113 136 137
115 6 91 92 93 116 142 143
116 8 92 93 94 115 117 142 143 144
117 8 93 94 95 116 118 143 144 145
118 8 94 95 96 117 119 144 145 146
119 8 95 96 97 118 120 145 146 147
120 8 96 97 98 119 121 146 147 148
121 8 97 98 99 120 122 147 148 149
122 8 98 99 100 121 123 148 149 150
123 8 99 100 101 122 124 149 150 151
124 8 100 101 102 123 125 150 151 152
125 8 101 102 103 124 126 151 152 153
126 8 102 103 104 125 127 152 153 154
127 8 103 104 105 126 128 153 154 155
128 8 104 105 106 127 129 154 155 156
129 8 105 106 107 128 130 155 156 157
130 8 106 107 108 129 131 156 157 158
131 8 107 108 109 130 132 157 158 159
132 8 108 109 110 131 133 158 159 160
133 8 109 110 111 132 134 159 160 161
134 8 110 111 112 133 135 160 161 162
135 8 111 112 113 134 136 161 162 163
136 8 112 113 114 135 137 162 163 164
137 6 113 114 136 163 164 165
138 4 139 166 167 168
139 5 138 140 167 168 169
140 5 139 141 168 169 170
141 3 140 169 170
142 4 115 116 143 171
143 7 115 116 117 142 144 171 172
144 8 116 117 118 143 145 171 172 173
145 8 117 118 119 144 146 172 173 174
146 8 118 119 120 145 147 173 174 175
147 8 119 120 121 146 148 174 175 176
148 8 120 121 122 147 149 175 176 177
149 8 121 122 123 148 150 176 177 178
150 8 122 123 124 149 151 177 178 179
151 8 123 124 125 150 152 178 179 180
152 8 124 125 126 151 153 179 180 181
153 8 125 126 127 152 154 180 181 182
154 8 126 127 128 153 155 181 182 183
155 8 127 128 129 154 156 182 183 184
156 8 128 129 130 155 157 183 184 185
157 8 129 130 131 156 158 184 185 186
158 8 130 131 132 157 159 185 186 187
159 8 131 132 133 158 160 186 187 188
160 8 132 133 134 159 161 187 188 189
161 8 133 134 135 160 162 188 189 190
162 8 134 135 136 161 163 189 190 191
163 8 135 136 137 162 164 190 191 192
164 7 136 137 163 165 191 192 193
165 6 137 164 166 192 193 194
166 6 138 165 167 193 194 195
167 7 138 139 166 168 194 195 196
168 8 138 139 140 167 169 195 196 197
169 8 139 140 141 168 170 196 197 198
170 5 140 141 169 197 198
171 6 142 143 144 172 199 200
172 8 143 144 145 171 173 199 200 201
173 8 144 145 146 172 174 200 201 202
174 8 145 146 147 173 175 201 202 203
175 8 146 147 148 174 176 202 203 204
176 8 147 148 149 175 177 203 204 205
177 8 148 149 150 176 178 204 205 206
178 8 149 150 151 177 179 205 206 207
179 8 150 151 152 178 180 206 207 208
180 8 151 152 153 179 181 207 208 209
181 8 152 153 154 180 182 208 209 210
182 8 153 154 155 181 183 209 210 211
183 8 154 155 156 182 184 210 211 212
184 8 155 156 157 183 185 211 212 213
185 8 156 157 158 184 186 212 213 214
186 8 157 158 159 185 187 213 214 215
187 8 158 159 160 186 188 214 215 216
188 8 159 160 161 187 189 215 216 217
189 8 160 161 162 188 190 216 217 218
190 8 161 162 163 189 191 217 218 219
191 8 162 163 164 190 192 218 219 220
192 8 163 164 165 191 193 219 220 221
193 8 164 165 166 192 194 220 221 222
194 8 165 166 167 193 195 221 222 223
195 8 166 167 168 194 196 222 223 224
196 8 167 168 169 195 197 223 224 225
197 8 168 169 170 196 198 224 225 226
198 6 169 170 197 225 226 227
199 5 171 172 200 228 229
200 8 171 172 173 199 201 228 229 230
201 8 172 173 174 200 202 229 230 231
202 8 173 174 175 201 203 230 231 232
203 8 174 175 176 202 204 231 232 233
204 8 175 176 177 203 205 232 233 234
205 8 176 177 178 204 206 233 234 235
206 8 177 178 179 205 207 234 235 236
207 8 178 179 180 206 208 235 236 237
208 8 179 180 181 207 209 236 237 238
209 8 180 181 182 208 210 237 238 239
210 8 181 182 183 209 211 238 239 240
211 8 182 183 184 210 212 239 240 241
212 8 183 184 185 211 213 240 241 242
213 8 184 185 186 212 214 241 242 243
214 8 185 186 187 213 215 242 243 244
215 8 186 187 188 214 216 243 244 245
216 8 187 188 189 215 217 244 245 246
217 8 188 189 190 216 218 245 246 247
218 8 189 190 191 217 219 246 247 248
219 8 190 191 192 218 220 247 248 249
220 8 191 192 193 219 221 248 249 250
221 8 192 193 194 220 222 249 250 251
222 8 193 194 195 221 223 250 251 252
223 8 194 195 196 222 224 251 252 253
224 8 195 196 197 223 225 252 253 254
225 8 196 197 198 224 226 253 254 255
226 6 197 198 225 227 254 255
227 3 198 226 255
228 4 199 200 229 256
229 7 199 200 201 228 230 256 257
230 8 200 201 202 229 231 256 257 258
231 8 201 202 203 230 232 257 258 259
232 8 202 203 204 231 233 258 259 260
233 8 203 204 205 232 234 259 260 261
234 8 204 205 206 233 235 260 261 262
235 8 205 206 207 234 236 261 262 263
236 8 206 207 208 235 237 262 263 264
237 8 207 208 209 236 238 263 264 265
238 8 208 209 210 237 239 264 265 266
239 8 209 210 211 238 240 265 266 267
240 8 210 211 212 239 241 266 267 268
241 8 211 212 213 240 242 267 268 269
242 8 212 213 214 241 243 268 269 270
243 8 213 214 215 242 244 269 270 271
244 8 214 215 216 243 245 270 271 272
245 8 215 216 217 244 246 271 272 273
246 8 216 217 218 245 247 272 273 274
247 8 217 218 219 246 248 273 274 275
248 8 218 219 220 247 249 274 275 276
249 8 219 220 221 248 250 275 276 277
250 8 220 221 222 249 251 276 277 278
251 8 221 222 223 250 252 277 278 279
252 8 222 223 224 251 253 278 279 280
253 7 223 224 225 252 254 279 280
254 6 224 225 226 253 255 280
255 4 225 226 227 254
256 4 228 229 230 257
257 5 229 230 231 256 258
258 6 230 231 232 257 259 281
259 7 231 232 233 258 260 281 282
260 8 232 233 234 259 261 281 282 283
261 8 233 234 235 260 262 282 283 284
262 8 234 235 236 261 263 283 284 285
263 8 235 236 237 262 264 284 285 286
264 8 236 237 238 263 265 285 286 287
265 8 237 238 239 264 266 286 287 288
266 8 238 239 240 265 267 287 288 289
267 8 239 240 241 266 268 288 289 290
268 8 240 241 242 267 269 289 290 291
269 8 241 242 243 268 270 290 291 292
270 8 242 243 244 269 271 291 292 293
271 8 243 244 245 270 272 292 293 294
272 8 244 245 246 271 273 293 294 295
273 8 245 246 247 272 274 294 295 296
274 8 246 247 248 273 275 295 296 297
275 8 247 248 249 274 276 296 297 298
276 8 248 249 250 275 277 297 298 299
277 8 249 250 251 276 278 298 299 300
278 8 250 251 252 277 279 299 300 301
279 8 251 252 253 278 280 300 301 302
280 7 252 253 254 279 301 302 303
281 5 258 259 260 282 304
282 7 259 260 261 281 283 304 305
283 8 260 261 262 282 284 304 305 306
284 8 261 262 263 283 285 305 306 307
285 8 262 263 264 284 286 306 307 308
286 8 263 264 265 285 287 307 308 309
287 8 264 265 266 286 288 308 309 310
288 8 265 266 267 287 289 309 310 311
289 8 266 267 268 288 290 310 311 312
290 8 267 268 269 289 291 311 312 313
291 8 268 269 270 290 292 312 313 314
292 8 269 270 271 291 293 313 314 315
293 8 270 271 272 292 294 314 315 316
294 8 271 272 273 293 295 315 316 317
295 8 272 273 274 294 296 316 317 318
296 8 273 274 275 295 297 317 318 319
297 8 274 275 276 296 298 318 319 320
298 8 275 276 277 297 299 319 320 321
299 8 276 277 278 298 300 320 321 322
300 8 277 278 279 299 301 321 322 323
301 8 278 279 280 300 302 322 323 324
302 7 279 280 301 303 323 324 325
303 4 280 302 324 325
304 6 281 282 283 305 326 327
305 8 282 283 284 304 306 326 327 328
306 8 283 284 285 305 307 327 328 329
307 8 284 285 286 306 308 328 329 330
308 8 285 286 287 307 309 329 330 331
309 8 286 287 288 308 310 330 331 332
310 8 287 288 289 309 311 331 332 333
311 8 288 289 290 310 312 332 333 334
312 8 289 290 291 311 313 333 334 335
313 8 290 291 292 312 314 334 335 336
314 8 291 292 293 313 315 335 336 337
315 8 292 293 294 314 316 336 337 338
316 8 293 294 295 315 317 337 338 339
317 8 294 295 296 316 318 338 339 340
318 8 295 296 297 317 319 339 340 341
319 8 296 297 298 318 320 340 341 342
320 8 297 298 299 319 321 341 342 343
321 8 298 299 300 320 322 342 343 344
322 8 299 300 301 321 323 343 344 345
323 8 300 301 302 322 324 344 345 346
324 8 301 302 303 323 325 345 346 347
325 6 302 303 324 346 347 348
326 5 304 305 327 349 350
327 8 304 305 306 326 328 349 350 351
328 8 305 306 307 327 329 350 351 352
329 8 306 307 308 328 330 351 352 353
330 8 307 308 309 329 331 352 353 354
331 8 308 309 310 330 332 353 354 355
332 8 309 310 311 331 333 354 355 356
333 8 310 311 312 332 334 355 356 357
334 8 311 312 313 333 335 356 357 358
335 8 312 313 314 334 336 357 358 359
336 8 313 314 315 335 337 358 359 360
337 8 314 315 316 336 338 359 360 361
338 8 315 316 317 337 339 360 361 362
339 8 316 317 318 338 340 361 362 363
340 8 317 318 319 339 341 362 363 364
341 8 318 319 320 340 342 363 364 365
342 8 319 320 321 341 343 364 365 366
343 8 320 321 322 342 344 365 366 367
344 8 321 322 323 343 345 366 367 368
345 8 322 323 324 344 346 367 368 369
346 8 323 324 325 345 347 368 369 370
347 7 324 325 346 348 369 370 371
348 5 325 347 370 371 372
349 6 326 327 350 374 375 376
350 8 326 327 328 349 351 375 376 377
351 8 327 328 329 350 352 376 377 378
352 8 328 329 330 351 353 377 378 379
353 8 329 330 331 352 354 378 379 380
354 8 330 331 332 353 355 379 380 381
355 8 331 332 333 354 356 380 381 382
356 8 332 333 334 355 357 381 382 383
357 8 333 334 335 356 358 382 383 384
358 8 334 335 336 357 359 383 384 385
359 8 335 336 337 358 360 384 385 386
360 8 336 337 338 359 361 385 386 387
361 8 337 338 339 360 362 386 387 388
362 8 338 339 340 361 363 387 388 389
363 8 339 340 341 362 364 388 389 390
364 8 340 341 342 363 365 389 390 391
365 8 341 342 343 364 366 390 391 392
366 8 342 343 344 365 367 391 392 393
367 8 343 344 345 366 368 392 393 394
368 8 344 345 346 367 369 393 394 395
369 8 345 346 347 368 370 394 395 396
370 8 346 347 348 369 371 395 396 397
371 7 347 348 370 372 396 397 398
372 4 348 371 397 398
373 3 374 399 400
374 6 349 373 375 399 400 401
375 7 349 350 374 376 400 401 402
376 8 349 350 351 375 377 401 402 403
377 8 350 351 352 376 378 402 403 404
378 8 351 352 353 377 379 403 404 405
379 8 352 353 354 378 380 404 405 406
380 8 353 354 355 379 381 405 406 407
381 8 354 355 356 380 382 406 407 408
382 7 355 356 357 381 383 407 408
383 7 356 357 358 382 384 408 409
384 7 357 358 359 383 385 409 410
385 8 358 359 360 384 386 409 410 411
386 8 359 360 361 385 387 410 411 412
387 8 360 361 362 386 388 411 412 413
388 8 361 362 363 387 389 412 413 414
389 8 362 363 364 388 390 413 414 415
390 8 363 364 365 389 391 414 415 416
391 8 364 365 366 390 392 415 416 417
392 8 365 366 367 391 393 416 417 418
393 8 366 367 368 392 394 417 418 419
394 8 367 368 369 393 395 418 419 420
395 8 368 369 370 394 396 419 420 421
396 8 369 370 371 395 397 420 421 422
397 7 370 371 372 396 398 421 422
398 4 371 372 397 422
399 5 373 374 400 423 424
400 8 373 374 375 399 401 423 424 425
401 8 374 375 376 400 402 424 425 426
402 8 375 376 377 401 403 425 426 427
403 8 376 377 378 402 404 426 427 428
404 8 377 378 379 403 405 427 428 429
405 8 378 379 380 404 406 428 429 430
406 7 379 380 381 405 407 429 430
407 6 380 381 382 406 408 430
408 4 381 382 383 407
409 6 383 384 385 410 431 432
410 8 384 385 386 409 411 431 432 433
411 8 385 386 387 410 412 432 433 434
412 8 386 387 388 411 413 433 434 435
413 8 387 388 389 412 414 434 435 436
414 8 388 389 390 413 415 435 436 437
415 8 389 390 391 414 416 436 437 438
416 8 390 391 392 415 417 437 438 439
417 8 391 392 393 416 418 438 439 440
418 8 392 393 394 417 419 439 440 441
419 8 393 394 395 418 420 440 441 442
420 7 394 395 396 419 421 441 442
421 6 395 396 397 420 422 442
422 4 396 397 398 421
423 4 399 400 424 443
424 7 399 400 401 423 425 443 444
425 8 400 401 402 424 426 443 444 445
426 8 401 402 403 425 427 444 445 446
427 7 402 403 404 426 428 445 446
428 6 403 404 405 427 429 446
429 5 404 405 406 428 430
430 4 405 406 407 429
431 4 409 410 432 447
432 7 409 410 411 431 433 447 448
433 8 410 411 412 432 434 447 448 449
434 8 411 412 413 433 435 448 449 450
435 8 412 413 414 434 436 449 450 451
436 8 413 414 415 435 437 450 451 452
437 8 414 415 416 436 438 451 452 453
438 8 415 416 417 437 439 452 453 454
439 7 416 417 418 438 440 453 454
440 6 417 418 419 439 441 454
441 5 418 419 420 440 442
442 4 419 420 421 441
443 6 423 424 425 444 455 456
444 7 424 425 426 443 445 455 456
445 6 425 426 427 444 446 456
446 4 426 427 428 445
447 6 431 432 433 448 457 458
448 8 432 433 434 447 449 457 458 459
449 8 433 434 435 448 450 458 459 460
450 8 434 435 436 449 451 459 460 461
451 8 435 436 437 450 452 460 461 462
452 7 436 437 438 451 453 461 462
453 6 437 438 439 452 454 462
454 4 438 439 440 453
455 3 443 444 456
456 4 443 444 445 455
457 4 447 448 458 463
458 7 447 448 449 457 459 463 464
459 8 448 449 450 458 460 463 464 465
460 7 449 450 451 459 461 464 465
461 6 450 451 452 460 462 465
462 4 451 452 453 461
463 4 457 458 459 464
464 5 458 459 460 463 465
465 4 459 460 461 464
